Some((
    red: 0.06962025,
    green: 0.06962025,
    blue: 0.06962025,
    alpha: 1.0,
))